7290020030184
7290013156921
313184
7290119040568
7290118423904
7290118422617
7290019293804
7296073453840
7290106571945
7296073453857
8410376037784
7290019816034
7290118426615
7290106571921
7290119040612
7290119040513
7290119040667
8410376075915
7290019870470
4823077633317
7290017724171
4006529002170
7296073162001
7290018893036
7290119040858
7290105364784
8710502405204
8710502139017
8710502279010
7290112961754
4017100364112
7622300489427
46214731552
7296073529019
7296073529026
7290119043897
8000500366073
7622210137234
5901414200411
7296073161981
4017100198151
7290106656727
46214930207
8710502470028
7290119040650
7290019870463
7290119040605
7290112340276
7622300356767
7622300489434
7290019816232
7622201401900
7622201809188
7290115206333
7290000075143
7290019816058
8710502064814
7622210453327
7290101111986